%YAML:1.0
---
calibration_Time: "Thu 12 Jul 2018 12:32:33 AM UTC"
nrOfFrames: 3
image_Width: 640
image_Height: 480
board_Width: 8
board_Height: 5
square_Size: 5.
FixAspectRatio: 1.
# flags:  +fix_aspectRatio +fix_principal_point +zero_tangent_dist
flagValue: 14
Camera_Matrix: !!opencv-matrix
   rows: 3
   cols: 3
   dt: d
   data: [ 5.6895435275084146e+03, 0., 320., 0., 5.6895435275084146e+03,
       240., 0., 0., 1. ]
Distortion_Coefficients: !!opencv-matrix
   rows: 5
   cols: 1
   dt: d
   data: [ 7.3266212686237759e+00, 8.4593940375304664e+03, 0., 0.,
       -4.3913881887072355e+04 ]
Avg_Reprojection_Error: 2.9879777511773820e+00
Per_View_Reprojection_Errors: !!opencv-matrix
   rows: 3
   cols: 1
   dt: f
   data: [ 1.24669957e+00, 6.39560699e-01, 4.98204136e+00 ]
# a set of 6-tuples (rotation vector + translation vector) for each view
Extrinsic_Parameters: !!opencv-matrix
   rows: 3
   cols: 6
   dt: d
   data: [ 4.4839063634144305e-02, -7.0525113153441754e-01,
       1.4853269442152347e-02, -4.2484819764653761e+00,
       -2.6799813519180521e+01, 7.3788036854726943e+02,
       1.5784688877981175e-02, -7.1124880642056076e-01,
       3.3647054261756054e-04, -2.5846429210276540e+01,
       -3.0515909228205015e+01, 8.7036536214636885e+02,
       -1.0780637113123442e-01, -3.8957477890995618e-01,
       1.5925995520132513e-01, -1.7612383482085146e+01,
       -1.4353471270744080e+01, 7.6758216644928120e+02 ]
Image_points: !!opencv-matrix
   rows: 3
   cols: 40
   dt: "2f"
   data: [ 2.84580933e+02, 2.83288975e+01, 3.14745911e+02,
       2.88091621e+01, 3.45224976e+02, 2.91494637e+01, 3.75351929e+02,
       2.94036083e+01, 4.05769531e+02, 2.93330231e+01, 4.36301910e+02,
       2.95726376e+01, 4.67455780e+02, 2.95825329e+01, 4.98205048e+02,
       2.99001770e+01, 2.84871826e+02, 7.05103836e+01, 3.14529907e+02,
       7.09082794e+01, 3.44312836e+02, 7.12873917e+01, 3.73779510e+02,
       7.13003235e+01, 4.03541840e+02, 7.14601364e+01, 4.33419098e+02,
       7.14067764e+01, 4.63615601e+02, 7.16693726e+01, 4.93775940e+02,
       7.16669617e+01, 2.85277252e+02, 1.10584305e+02, 3.14284668e+02,
       1.11081863e+02, 3.43440277e+02, 1.11080444e+02, 3.72366486e+02,
       1.11354446e+02, 4.01398987e+02, 1.11348610e+02, 4.30634216e+02,
       1.11436661e+02, 4.60290222e+02, 1.11310043e+02, 4.89709198e+02,
       1.11575455e+02, 2.85609039e+02, 1.49225266e+02, 3.14076843e+02,
       1.49339386e+02, 3.42735718e+02, 1.49668747e+02, 3.71147888e+02,
       1.49692154e+02, 3.99644684e+02, 1.49883865e+02, 4.28411926e+02,
       1.49858139e+02, 4.57332642e+02, 1.50092010e+02, 4.86339722e+02,
       1.49971130e+02, 2.85854004e+02, 1.86934250e+02, 3.13880066e+02,
       1.87013702e+02, 3.42015350e+02, 1.87044586e+02, 3.70114044e+02,
       1.87386322e+02, 3.98164825e+02, 1.87458923e+02, 4.26431488e+02,
       1.87734451e+02, 4.55026581e+02, 1.87672699e+02, 4.83432922e+02,
       1.87889725e+02, 1.43794601e+02, 3.17934437e+01, 1.70769958e+02,
       3.32198792e+01, 1.97589737e+02, 3.46853294e+01, 2.23594284e+02,
       3.61082611e+01, 2.49315384e+02, 3.73874741e+01, 2.74477661e+02,
       3.87643204e+01, 2.99617523e+02, 3.98664284e+01, 3.24002258e+02,
       4.09187469e+01, 1.44529144e+02, 6.71338730e+01, 1.71654694e+02,
       6.84565353e+01, 1.98327850e+02, 6.97004166e+01, 2.24259949e+02,
       7.08897018e+01, 2.49682251e+02, 7.20085831e+01, 2.74764099e+02,
       7.30483627e+01, 2.99551788e+02, 7.40957108e+01, 3.23738617e+02,
       7.48441162e+01, 1.45483887e+02, 1.02008377e+02, 1.72332413e+02,
       1.02954308e+02, 1.99094101e+02, 1.03919800e+02, 2.24804337e+02,
       1.04757713e+02, 2.50160522e+02, 1.05624718e+02, 2.74959656e+02,
       1.06423576e+02, 2.99534485e+02, 1.07189896e+02, 3.23490082e+02,
       1.07800598e+02, 1.46157242e+02, 1.36305099e+02, 1.73175003e+02,
       1.36954788e+02, 1.99667953e+02, 1.37646332e+02, 2.25421799e+02,
       1.38188828e+02, 2.50558929e+02, 1.38662643e+02, 2.75335938e+02,
       1.39164856e+02, 2.99623047e+02, 1.39627304e+02, 3.23413177e+02,
       1.39952286e+02, 1.46879852e+02, 1.70743683e+02, 1.73720734e+02,
       1.70984009e+02, 2.00186447e+02, 1.71206818e+02, 2.25835327e+02,
       1.71473007e+02, 2.50932556e+02, 1.71518524e+02, 2.75585327e+02,
       1.71792740e+02, 2.99831818e+02, 1.71814911e+02, 3.23488037e+02,
       1.72071152e+02, 1.97656128e+02, 1.37711899e+02, 2.29020599e+02,
       1.44381424e+02, 2.60516907e+02, 1.50199722e+02, 2.91577606e+02,
       1.55979874e+02, 3.22500488e+02, 1.61478409e+02, 3.53698120e+02,
       1.67090118e+02, 3.85374573e+02, 1.72372604e+02, 4.16875031e+02,
       1.77584229e+02, 1.88950653e+02, 1.69537048e+02, 2.21713684e+02,
       1.76348663e+02, 2.54380569e+02, 1.83074646e+02, 2.86553986e+02,
       1.88959854e+02, 3.18763519e+02, 1.95078033e+02, 3.50927155e+02,
       2.01037552e+02, 3.83558563e+02, 2.07196854e+02, 4.16139496e+02,
       2.12739456e+02, 1.79686996e+02, 2.03425125e+02, 2.13795715e+02,
       2.10667801e+02, 2.47733917e+02, 2.17385452e+02, 2.81200836e+02,
       2.24066132e+02, 3.14524811e+02, 2.30394547e+02, 3.48142517e+02,
       2.36882782e+02, 3.81754456e+02, 2.43214600e+02, 4.15424622e+02,
       2.49683151e+02, 1.69358109e+02, 2.39822388e+02, 2.05023682e+02,
       2.46987045e+02, 2.40522781e+02, 2.54109894e+02, 2.75418976e+02,
       2.60612488e+02, 3.10248657e+02, 2.67345612e+02, 3.45197113e+02,
       2.74074707e+02, 3.80296692e+02, 2.81200317e+02, 4.15299805e+02,
       2.88033722e+02, 1.57796768e+02, 2.79184326e+02, 1.95157059e+02,
       2.86478973e+02, 2.32319473e+02, 2.93368805e+02, 2.68947083e+02,
       3.00363983e+02, 3.05566498e+02, 3.07023682e+02, 3.42052795e+02,
       3.14552917e+02, 3.78950928e+02, 3.21874939e+02, 4.15579834e+02,
       3.29520233e+02 ]
